   2.5282478e-09	
   1.6623577e-09	
   1.0403431e-10	
  -2.3387458e-09	
  -5.8546033e-09	
  -1.0603227e-08	
  -1.6679192e-08	
  -2.4063703e-08	
  -3.2563552e-08	
  -4.1737780e-08	
  -5.0814375e-08	
  -5.8601836e-08	
  -6.3403841e-08	
  -6.2949416e-08	
  -5.4356050e-08	
  -3.4148761e-08	
   1.6359475e-09	
   5.7226813e-08	
   1.3673646e-07	
   2.4358136e-07	
   3.7966454e-07	
   5.4429098e-07	
   7.3280173e-07	
   9.3494087e-07	
   1.1330103e-06	
   1.2999246e-06	
   1.3973545e-06	
   1.3742403e-06	
   1.1660678e-06	
   6.9542624e-07	
  -1.2550826e-07	
  -1.3897946e-06	
  -3.1869982e-06	
  -5.5900189e-06	
  -8.6366401e-06	
  -1.2305158e-05	
  -1.6483838e-05	
  -2.0934557e-05	
  -2.5251961e-05	
  -2.8820716e-05	
  -3.0775163e-05	
  -2.9967760e-05	
  -2.4955194e-05	
  -1.4013765e-05	
   4.8015073e-06	
   3.3536997e-05	
   7.4140855e-05	
   1.2816406e-04	
   1.9634405e-04	
   2.7805742e-04	
   3.7073711e-04	
   4.6963787e-04	
   5.6836205e-04	
   6.5999000e-04	
   7.3820962e-04	
   7.9806287e-04	
   8.3630022e-04	
   8.5144417e-04	
   8.4365263e-04	
   8.1445922e-04	
   7.6645166e-04	
   7.0293482e-04	
   6.2761100e-04	
   5.4429836e-04	
   4.5669914e-04	
   3.6822179e-04	
   2.8185614e-04	
   2.0009688e-04	
   1.2490903e-04	
   5.7727524e-05	
  -5.1665578e-07	
  -4.9351260e-05	
  -8.8705021e-05	
  -1.1884301e-04	
  -1.4029975e-04	
  -1.5381364e-04	
  -1.6026540e-04	
  -1.6062238e-04	
  -1.5588985e-04	
  -1.4706983e-04	
  -1.3512764e-04	
  -1.2096579e-04	
  -1.0540487e-04	
  -8.9170749e-05	
  -7.2887232e-05	
  -5.7073511e-05	
  -4.2145526e-05	
  -2.8420466e-05	
  -1.6123689e-05	
  -5.3973795e-06	
   3.6896469e-06	
   1.1131524e-05	
   1.6974734e-05	
   2.1307704e-05	
   2.4250874e-05	
   2.5947493e-05	
   2.6555274e-05	
   2.6239031e-05	
   2.5164365e-05	
   2.3492391e-05	
   2.1375510e-05	
   1.8954168e-05	
   1.6354531e-05	
   1.3687002e-05	
   1.1045466e-05	
   8.5071840e-06	
   6.1332070e-06	
   3.9692253e-06	
   2.0467475e-06	
   3.8451703e-07	
  -1.0099163e-06	
  -2.1385441e-06	
  -3.0112314e-06	
  -3.6440872e-06	
  -4.0579158e-06	
  -4.2767849e-06	
  -4.3267332e-06	
  -4.2346352e-06	
  -4.0272308e-06	
  -3.7303225e-06	
  -3.3681364e-06	
  -2.9628394e-06	
  -2.5342010e-06	
  -2.0993866e-06	
  -1.6728645e-06	
  -1.2664139e-06	
  -8.8921246e-07	
  -5.4799101e-07	
  -2.4723698e-07	
   1.0566826e-08	
   2.2468174e-07	
   3.9584273e-07	
   5.2598783e-07	
   6.1799597e-07	
   6.7543977e-07	
   7.0235856e-07	
   7.0305511e-07	
   6.8191841e-07	
   6.4327365e-07	
   5.9125928e-07	
   5.2973068e-07	
   4.6218862e-07	
   3.9173080e-07	
   3.2102397e-07	
   2.5229402e-07	
   1.8733140e-07	
   1.2750904e-07	
   7.3810169e-08	
   2.6863495e-08	
  -1.3016580e-08	
  -4.5786814e-08	
  -7.1630853e-08	
  -9.0915390e-08	
  -1.0414805e-07	
  -1.1193803e-07	
  -1.1496014e-07	
  -1.1392300e-07	
  -1.0954139e-07	
  -1.0251320e-07	
  -9.3500672e-08	
  -8.3115945e-08	
  -7.1910593e-08	
  -6.0368761e-08	
  -4.8903554e-08	
  -3.7856226e-08	
  -2.7497727e-08	
  -1.8032153e-08	
  -9.6016941e-09	
  -2.2926477e-09	
   3.8578408e-09	
   8.8546605e-09	
   1.2737513e-08	
   1.5573831e-08	
   1.7452032e-08	
   1.8475254e-08	
   1.8755699e-08	
   1.8409638e-08	
   1.7553138e-08	
   1.6298512e-08	
   1.4751476e-08	
   1.3008999e-08	
   1.1157777e-08	
   9.2732816e-09	
   7.4193192e-09	
   5.6480199e-09	
   4.0001927e-09	
   2.5059685e-09	
   1.1856658e-09	
   5.0813275e-11	
  -8.9472771e-10	
  -1.6535929e-09	
  -2.2337407e-09	
  -2.6473113e-09	
  -2.9095484e-09	
  -3.0378059e-09	
  -3.0506575e-09	
  -2.9671173e-09	
  -2.8059787e-09	
  -2.5852710e-09	
  -2.3218311e-09	
  -2.0309837e-09	
  -1.7263225e-09	
  -1.4195816e-09	
  -1.1205854e-09	
  -8.3726700e-10	
  -5.7574053e-10	
  -3.4041880e-10	
  -1.3416294e-10	
   4.1544979e-11	
   1.8641574e-10	
   3.0116128e-10	
   3.8730433e-10	
   4.4699495e-10	
   4.8283868e-10	
   4.9773938e-10	
   4.9475938e-10	
   4.7699825e-10	
   4.4749078e-10	
   4.0912412e-10	
   3.6457348e-10	
   3.1625509e-10	
   2.6629517e-10	
   2.1651300e-10	
   1.6841639e-10	
   1.2320746e-10	
   8.1796930e-11	
   4.4825033e-11	
   1.2687195e-11	
  -1.4436981e-11	
  -3.6552962e-11	
  -5.3819992e-11	
  -6.6520307e-11	
  -7.5029727e-11	
  -7.9790320e-11	
  -8.1285582e-11	
  -8.0018556e-11	
  -7.6492992e-11	
  -7.1197671e-11	
  -6.4593832e-11	
  -5.7105546e-11	
  -4.9112879e-11	
  -4.0947547e-11	
  -3.2890810e-11	
  -2.5173261e-11	
  -1.7976233e-11	
  -1.1434478e-11	
  -5.6398462e-12	
  -6.4565887e-13	
   3.5284553e-12	
   6.8914961e-12	
   9.4760085e-12	
   1.1333112e-11	
   1.2527788e-11	
   1.3134556e-11	
   1.3233560e-11	
   1.2907146e-11	
   1.2236955e-11	
   1.1301510e-11	
   1.0174315e-11	
   8.9224479e-12	
   7.6055429e-12	
   6.2752147e-12	
   4.9748140e-12	
   3.7394740e-12	
   2.5964127e-12	
   1.5654127e-12	
   6.5947248e-13	
  -1.1446052e-13	
  -7.5468277e-13	
  -1.2639091e-12	
  -1.6484435e-12	
  -1.9173812e-12	
  -2.0818590e-12	
  -2.1543652e-12	
  -2.1481324e-12	
  -2.0765941e-12	
  -1.9529448e-12	
  -1.7897715e-12	
  -1.5987611e-12	
  -1.3904954e-12	
  -1.1743089e-12	
  -9.5821441e-13	
  -7.4886625e-13	
  -5.5159696e-13	
  -3.7047101e-13	
  -2.0836978e-13	
  -6.7093900e-14	
   5.2489263e-14	
   1.5033981e-13	
   2.2708571e-13	
   2.8390831e-13	
   3.2240356e-13	
   3.4446404e-13	
   3.5217662e-13	
   3.4771491e-13	
   3.3326293e-13	
   3.1094571e-13	
   2.8278074e-13	
   2.5061550e-13	
   2.1611879e-13	
   1.8075125e-13	
   1.4574626e-13	
   1.1213079e-13	
   8.0704540e-14	
   5.2069460e-14	
   2.6643618e-14	
   4.6733450e-15	
  -1.3745949e-14	
  -2.8643754e-14	
  -4.0150175e-14	
  -4.8483786e-14	
  -5.3916940e-14	
  -5.6770560e-14	
  -5.7391591e-14	
  -5.6133917e-14	
  -5.3353155e-14	
  -4.9394516e-14	
  -4.4571985e-14	
  -3.9185669e-14	
  -3.3495776e-14	
  -2.7729555e-14	
  -2.2076091e-14	
  -1.6691509e-14	
  -1.1697240e-14	
  -7.1782857e-15	
  -3.2005648e-15	
   2.0643209e-16	
   3.0357661e-15	
   5.2943760e-15	
   7.0100176e-15	
   8.2191198e-15	
   8.9737245e-15	
   9.3224040e-15	
   9.3241387e-15	
   9.0396440e-15	
   8.5209617e-15	
   7.8253376e-15	
   7.0082828e-15	
   6.1114308e-15	
   5.1781496e-15	
   4.2396642e-15	
   3.3271996e-15	
   2.4667768e-15	
   1.6757429e-15	
   9.6277153e-16	
   3.4347525e-16	
  -1.8388069e-16	
  -6.1582683e-16	
  -9.5409791e-16	
  -1.2091023e-15	
  -1.3825746e-15	
  -1.4849233e-15	
  -1.5248219e-15	
  -1.5109441e-15	
  -1.4519635e-15	
  -1.3582885e-15	
  -1.2385926e-15	
  -1.1015494e-15	
  -9.5236319e-16	
  -7.9797280e-16	
  -6.4531713e-16	
  -4.9786564e-16	
  -3.6082248e-16	
  -2.3765712e-16	
  -1.2663481e-16	
  -2.9490299e-17	
   5.3776428e-17	
   1.1969592e-16	
   1.7173762e-16	
   2.0643209e-16	
   2.3071822e-16	
   2.4459601e-16	
   2.4633073e-16	
   2.4286129e-16	
   2.3245295e-16	
   2.1510571e-16	
   1.9602375e-16	
   1.7173762e-16	
   1.4745150e-16	
   1.2316537e-16	
   9.7144515e-17	
   7.4593109e-17	
   5.3776428e-17	
   3.4694470e-17	
   1.7347235e-17	
   1.7347235e-18	
  -1.0408341e-17	
  -2.2551405e-17	
  -3.1225023e-17	
  -3.4694470e-17	
  -3.8163916e-17	
  -4.1633363e-17	
  -3.9898640e-17	
  -3.8163916e-17	
  -3.6429193e-17	
  -3.2959746e-17	
  -3.1225023e-17	
  -2.7755576e-17	
  -2.6020852e-17	
  -2.0816682e-17	
  -1.7347235e-17	
  -1.5612511e-17	
  -1.0408341e-17	
  -6.9388939e-18	
  -3.4694470e-18	
   1.7347235e-18	
   3.4694470e-18	
   5.2041704e-18	
   6.9388939e-18	
   8.6736174e-18	
   1.0408341e-17	
   1.0408341e-17	
   1.0408341e-17	
   1.0408341e-17	
   8.6736174e-18	
   6.9388939e-18	
   3.4694470e-18	
   0.0000000e+00	
   0.0000000e+00	
   0.0000000e+00	
   0.0000000e+00	
   0.0000000e+00	
   0.0000000e+00	
   0.0000000e+00	
   0.0000000e+00	
   0.0000000e+00	
   0.0000000e+00	
   0.0000000e+00	
   0.0000000e+00	
   0.0000000e+00	
   0.0000000e+00	
   0.0000000e+00	
   0.0000000e+00	
   0.0000000e+00	
   0.0000000e+00	
   0.0000000e+00	
   0.0000000e+00	
   0.0000000e+00	
   0.0000000e+00	
   0.0000000e+00	
   0.0000000e+00	
   0.0000000e+00	
   0.0000000e+00	
   0.0000000e+00	
   0.0000000e+00	
   0.0000000e+00	
   0.0000000e+00	
   0.0000000e+00	
   0.0000000e+00	
   0.0000000e+00	
   0.0000000e+00	
   0.0000000e+00	
   0.0000000e+00	
   0.0000000e+00	
   0.0000000e+00	
   0.0000000e+00	
   0.0000000e+00	
   0.0000000e+00	
   0.0000000e+00	
   0.0000000e+00	
   0.0000000e+00	
   0.0000000e+00	
   0.0000000e+00	
   0.0000000e+00	
   0.0000000e+00	
   0.0000000e+00	
   0.0000000e+00	
   0.0000000e+00	
   0.0000000e+00	
   0.0000000e+00	
   0.0000000e+00	
   0.0000000e+00	
   0.0000000e+00	
   0.0000000e+00	
   0.0000000e+00	
   0.0000000e+00	
   0.0000000e+00	
   0.0000000e+00	
   0.0000000e+00	
   0.0000000e+00	
   0.0000000e+00	
   0.0000000e+00	
   0.0000000e+00	
   0.0000000e+00	
   0.0000000e+00	
   0.0000000e+00	
   0.0000000e+00	
   0.0000000e+00	
   0.0000000e+00	
   0.0000000e+00	
   0.0000000e+00	
   0.0000000e+00	
   0.0000000e+00	
   0.0000000e+00	
   0.0000000e+00	
   0.0000000e+00	
   0.0000000e+00	
   0.0000000e+00	
   0.0000000e+00	
   2.5282478e-09	
   1.6623577e-09	
   1.0403431e-10	
  -2.3387458e-09	
  -5.8546033e-09	
  -1.0603227e-08	
  -1.6679192e-08	
  -2.4063703e-08	
  -3.2563552e-08	
  -4.1737780e-08	
  -5.0814375e-08	
  -5.8601836e-08	
  -6.3403841e-08	
  -6.2949416e-08	
  -5.4356050e-08	
  -3.4148761e-08	
   1.6359475e-09	
   5.7226813e-08	
   1.3673646e-07	
   2.4358136e-07	
   3.7966454e-07	
   5.4429098e-07	
   7.3280173e-07	
   9.3494087e-07	
   1.1330103e-06	
   1.2999246e-06	
   1.3973545e-06	
   1.3742403e-06	
   1.1660678e-06	
   6.9542624e-07	
  -1.2550826e-07	
  -1.3897946e-06	
  -3.1869982e-06	
  -5.5900189e-06	
  -8.6366401e-06	
  -1.2305158e-05	
  -1.6483838e-05	
  -2.0934557e-05	
  -2.5251961e-05	
  -2.8820716e-05	
  -3.0775163e-05	
  -2.9967760e-05	
  -2.4955194e-05	
  -1.4013765e-05	
   4.8015073e-06	
   3.3536997e-05	
   7.4140855e-05	
   1.2816406e-04	
   1.9634405e-04	
   2.7805742e-04	
   3.7073711e-04	
   4.6963787e-04	
   5.6836205e-04	
   6.5999000e-04	
   7.3820962e-04	
   7.9806287e-04	
   8.3630022e-04	
   8.5144417e-04	
   8.4365263e-04	
   8.1445922e-04	
   7.6645166e-04	
   7.0293482e-04	
   6.2761100e-04	
   5.4429836e-04	
   4.5669914e-04	
   3.6822179e-04	
   2.8185614e-04	
   2.0009688e-04	
   1.2490903e-04	
   5.7727524e-05	
  -5.1665578e-07	
  -4.9351260e-05	
  -8.8705021e-05	
  -1.1884301e-04	
  -1.4029975e-04	
  -1.5381364e-04	
  -1.6026540e-04	
  -1.6062238e-04	
  -1.5588985e-04	
  -1.4706983e-04	
  -1.3512764e-04	
  -1.2096579e-04	
  -1.0540487e-04	
  -8.9170749e-05	
  -7.2887232e-05	
  -5.7073511e-05	
  -4.2145526e-05	
  -2.8420466e-05	
  -1.6123689e-05	
  -5.3973795e-06	
   3.6896469e-06	
   1.1131524e-05	
   1.6974734e-05	
   2.1307704e-05	
   2.4250874e-05	
   2.5947493e-05	
   2.6555274e-05	
   2.6239031e-05	
   2.5164365e-05	
   2.3492391e-05	
   2.1375510e-05	
   1.8954168e-05	
   1.6354531e-05	
   1.3687002e-05	
   1.1045466e-05	
   8.5071840e-06	
   6.1332070e-06	
   3.9692253e-06	
   2.0467475e-06	
   3.8451703e-07	
  -1.0099163e-06	
  -2.1385441e-06	
  -3.0112314e-06	
  -3.6440872e-06	
  -4.0579158e-06	
  -4.2767849e-06	
  -4.3267332e-06	
  -4.2346352e-06	
  -4.0272308e-06	
  -3.7303225e-06	
  -3.3681364e-06	
  -2.9628394e-06	
  -2.5342010e-06	
  -2.0993866e-06	
  -1.6728645e-06	
  -1.2664139e-06	
  -8.8921246e-07	
  -5.4799101e-07	
  -2.4723698e-07	
   1.0566826e-08	
   2.2468174e-07	
   3.9584273e-07	
   5.2598783e-07	
   6.1799597e-07	
   6.7543977e-07	
   7.0235856e-07	
   7.0305511e-07	
   6.8191841e-07	
   6.4327365e-07	
   5.9125928e-07	
   5.2973068e-07	
   4.6218862e-07	
   3.9173080e-07	
   3.2102397e-07	
   2.5229402e-07	
   1.8733140e-07	
   1.2750904e-07	
   7.3810169e-08	
   2.6863495e-08	
  -1.3016580e-08	
  -4.5786814e-08	
  -7.1630853e-08	
  -9.0915390e-08	
  -1.0414805e-07	
  -1.1193803e-07	
  -1.1496014e-07	
  -1.1392300e-07	
  -1.0954139e-07	
  -1.0251320e-07	
  -9.3500672e-08	
  -8.3115945e-08	
  -7.1910593e-08	
  -6.0368761e-08	
  -4.8903554e-08	
  -3.7856226e-08	
  -2.7497727e-08	
  -1.8032153e-08	
  -9.6016941e-09	
  -2.2926477e-09	
   3.8578408e-09	
   8.8546605e-09	
   1.2737513e-08	
   1.5573831e-08	
   1.7452032e-08	
   1.8475254e-08	
   1.8755699e-08	
   1.8409638e-08	
   1.7553138e-08	
   1.6298512e-08	
   1.4751476e-08	
   1.3008999e-08	
   1.1157777e-08	
   9.2732816e-09	
   7.4193192e-09	
   5.6480199e-09	
   4.0001927e-09	
   2.5059685e-09	
   1.1856658e-09	
   5.0813275e-11	
  -8.9472771e-10	
  -1.6535929e-09	
  -2.2337407e-09	
  -2.6473113e-09	
  -2.9095484e-09	
  -3.0378059e-09	
  -3.0506575e-09	
  -2.9671173e-09	
  -2.8059787e-09	
  -2.5852710e-09	
  -2.3218311e-09	
  -2.0309837e-09	
  -1.7263225e-09	
  -1.4195816e-09	
  -1.1205854e-09	
  -8.3726700e-10	
  -5.7574053e-10	
  -3.4041880e-10	
  -1.3416294e-10	
   4.1544979e-11	
   1.8641574e-10	
   3.0116128e-10	
   3.8730433e-10	
   4.4699495e-10	
   4.8283868e-10	
   4.9773938e-10	
   4.9475938e-10	
   4.7699825e-10	
   4.4749078e-10	
   4.0912412e-10	
   3.6457348e-10	
   3.1625509e-10	
   2.6629517e-10	
   2.1651300e-10	
   1.6841639e-10	
   1.2320746e-10	
   8.1796930e-11	
   4.4825033e-11	
   1.2687195e-11	
  -1.4436981e-11	
  -3.6552962e-11	
  -5.3819992e-11	
  -6.6520307e-11	
  -7.5029727e-11	
  -7.9790320e-11	
  -8.1285582e-11	
  -8.0018556e-11	
  -7.6492992e-11	
  -7.1197671e-11	
  -6.4593832e-11	
  -5.7105546e-11	
  -4.9112879e-11	
  -4.0947547e-11	
  -3.2890810e-11	
  -2.5173261e-11	
  -1.7976233e-11	
  -1.1434478e-11	
  -5.6398462e-12	
  -6.4565887e-13	
   3.5284553e-12	
   6.8914961e-12	
   9.4760085e-12	
   1.1333112e-11	
   1.2527788e-11	
   1.3134556e-11	
   1.3233560e-11	
   1.2907146e-11	
   1.2236955e-11	
   1.1301510e-11	
   1.0174315e-11	
   8.9224479e-12	
   7.6055429e-12	
   6.2752147e-12	
   4.9748140e-12	
   3.7394740e-12	
   2.5964127e-12	
   1.5654127e-12	
   6.5947248e-13	
  -1.1446052e-13	
  -7.5468277e-13	
  -1.2639091e-12	
  -1.6484435e-12	
  -1.9173812e-12	
  -2.0818590e-12	
  -2.1543652e-12	
  -2.1481324e-12	
  -2.0765941e-12	
  -1.9529448e-12	
  -1.7897715e-12	
  -1.5987611e-12	
  -1.3904954e-12	
  -1.1743089e-12	
  -9.5821441e-13	
  -7.4886625e-13	
  -5.5159696e-13	
  -3.7047101e-13	
  -2.0836978e-13	
  -6.7093900e-14	
   5.2489263e-14	
   1.5033981e-13	
   2.2708571e-13	
   2.8390831e-13	
   3.2240356e-13	
   3.4446404e-13	
   3.5217662e-13	
   3.4771491e-13	
   3.3326293e-13	
   3.1094571e-13	
   2.8278074e-13	
   2.5061550e-13	
   2.1611879e-13	
   1.8075125e-13	
   1.4574626e-13	
   1.1213079e-13	
   8.0704540e-14	
   5.2069460e-14	
   2.6643618e-14	
   4.6733450e-15	
  -1.3745949e-14	
  -2.8643754e-14	
  -4.0150175e-14	
  -4.8483786e-14	
  -5.3916940e-14	
  -5.6770560e-14	
  -5.7391591e-14	
  -5.6133917e-14	
  -5.3353155e-14	
  -4.9394516e-14	
  -4.4571985e-14	
  -3.9185669e-14	
  -3.3495776e-14	
  -2.7729555e-14	
  -2.2076091e-14	
  -1.6691509e-14	
  -1.1697240e-14	
  -7.1782857e-15	
  -3.2005648e-15	
   2.0643209e-16	
   3.0357661e-15	
   5.2943760e-15	
   7.0100176e-15	
   8.2191198e-15	
   8.9737245e-15	
   9.3224040e-15	
   9.3241387e-15	
   9.0396440e-15	
   8.5209617e-15	
   7.8253376e-15	
   7.0082828e-15	
   6.1114308e-15	
   5.1781496e-15	
   4.2396642e-15	
   3.3271996e-15	
   2.4667768e-15	
   1.6757429e-15	
   9.6277153e-16	
   3.4347525e-16	
  -1.8388069e-16	
  -6.1582683e-16	
  -9.5409791e-16	
  -1.2091023e-15	
  -1.3825746e-15	
  -1.4849233e-15	
  -1.5248219e-15	
  -1.5109441e-15	
  -1.4519635e-15	
  -1.3582885e-15	
  -1.2385926e-15	
  -1.1015494e-15	
  -9.5236319e-16	
  -7.9797280e-16	
  -6.4531713e-16	
  -4.9786564e-16	
  -3.6082248e-16	
  -2.3765712e-16	
  -1.2663481e-16	
  -2.9490299e-17	
   5.3776428e-17	
   1.1969592e-16	
   1.7173762e-16	
   2.0643209e-16	
   2.3071822e-16	
   2.4459601e-16	
   2.4633073e-16	
   2.4286129e-16	
   2.3245295e-16	
   2.1510571e-16	
   1.9602375e-16	
   1.7173762e-16	
   1.4745150e-16	
   1.2316537e-16	
   9.7144515e-17	
   7.4593109e-17	
   5.3776428e-17	
   3.4694470e-17	
   1.7347235e-17	
   1.7347235e-18	
  -1.0408341e-17	
  -2.2551405e-17	
  -3.1225023e-17	
  -3.4694470e-17	
  -3.8163916e-17	
  -4.1633363e-17	
  -3.9898640e-17	
  -3.8163916e-17	
  -3.6429193e-17	
  -3.2959746e-17	
  -3.1225023e-17	
  -2.7755576e-17	
  -2.6020852e-17	
  -2.0816682e-17	
  -1.7347235e-17	
  -1.5612511e-17	
  -1.0408341e-17	
  -6.9388939e-18	
  -3.4694470e-18	
   1.7347235e-18	
   3.4694470e-18	
   5.2041704e-18	
   6.9388939e-18	
   8.6736174e-18	
   1.0408341e-17	
   1.0408341e-17	
   1.0408341e-17	
   1.0408341e-17	
   8.6736174e-18	
   6.9388939e-18	
   3.4694470e-18	
   0.0000000e+00	
   0.0000000e+00	
   0.0000000e+00	
   0.0000000e+00	
   0.0000000e+00	
   0.0000000e+00	
   0.0000000e+00	
   0.0000000e+00	
   0.0000000e+00	
   0.0000000e+00	
   0.0000000e+00	
   0.0000000e+00	
   0.0000000e+00	
   0.0000000e+00	
   0.0000000e+00	
   0.0000000e+00	
   0.0000000e+00	
   0.0000000e+00	
   0.0000000e+00	
   0.0000000e+00	
   0.0000000e+00	
   0.0000000e+00	
   0.0000000e+00	
   0.0000000e+00	
   0.0000000e+00	
   0.0000000e+00	
   0.0000000e+00	
   0.0000000e+00	
   0.0000000e+00	
   0.0000000e+00	
   0.0000000e+00	
   0.0000000e+00	
   0.0000000e+00	
   0.0000000e+00	
   0.0000000e+00	
   0.0000000e+00	
   0.0000000e+00	
   0.0000000e+00	
   0.0000000e+00	
   0.0000000e+00	
   0.0000000e+00	
   0.0000000e+00	
   0.0000000e+00	
   0.0000000e+00	
   0.0000000e+00	
   0.0000000e+00	
   0.0000000e+00	
   0.0000000e+00	
   0.0000000e+00	
   0.0000000e+00	
   0.0000000e+00	
   0.0000000e+00	
   0.0000000e+00	
   0.0000000e+00	
   0.0000000e+00	
   0.0000000e+00	
   0.0000000e+00	
   0.0000000e+00	
   0.0000000e+00	
   0.0000000e+00	
   0.0000000e+00	
   0.0000000e+00	
   0.0000000e+00	
   0.0000000e+00	
   0.0000000e+00	
   0.0000000e+00	
   0.0000000e+00	
   0.0000000e+00	
   0.0000000e+00	
   0.0000000e+00	
   0.0000000e+00	
   0.0000000e+00	
   0.0000000e+00	
   0.0000000e+00	
   0.0000000e+00	
   0.0000000e+00	
   0.0000000e+00	
   0.0000000e+00	
   0.0000000e+00	
   0.0000000e+00	
   0.0000000e+00	
   0.0000000e+00	
   2.5282478e-09	
   1.6623577e-09	
   1.0403431e-10	
  -2.3387458e-09	
  -5.8546033e-09	
  -1.0603227e-08	
  -1.6679192e-08	
  -2.4063703e-08	
  -3.2563552e-08	
  -4.1737780e-08	
  -5.0814375e-08	
  -5.8601836e-08	
  -6.3403841e-08	
  -6.2949416e-08	
  -5.4356050e-08	
  -3.4148761e-08	
   1.6359475e-09	
   5.7226813e-08	
   1.3673646e-07	
   2.4358136e-07	
   3.7966454e-07	
   5.4429098e-07	
   7.3280173e-07	
   9.3494087e-07	
   1.1330103e-06	
   1.2999246e-06	
   1.3973545e-06	
   1.3742403e-06	
   1.1660678e-06	
   6.9542624e-07	
  -1.2550826e-07	
  -1.3897946e-06	
  -3.1869982e-06	
  -5.5900189e-06	
  -8.6366401e-06	
  -1.2305158e-05	
  -1.6483838e-05	
  -2.0934557e-05	
  -2.5251961e-05	
  -2.8820716e-05	
  -3.0775163e-05	
  -2.9967760e-05	
  -2.4955194e-05	
  -1.4013765e-05	
   4.8015073e-06	
   3.3536997e-05	
   7.4140855e-05	
   1.2816406e-04	
   1.9634405e-04	
   2.7805742e-04	
   3.7073711e-04	
   4.6963787e-04	
   5.6836205e-04	
   6.5999000e-04	
   7.3820962e-04	
   7.9806287e-04	
   8.3630022e-04	
   8.5144417e-04	
   8.4365263e-04	
   8.1445922e-04	
   7.6645166e-04	
   7.0293482e-04	
   6.2761100e-04	
   5.4429836e-04	
   4.5669914e-04	
   3.6822179e-04	
   2.8185614e-04	
   2.0009688e-04	
   1.2490903e-04	
   5.7727524e-05	
  -5.1665578e-07	
  -4.9351260e-05	
  -8.8705021e-05	
  -1.1884301e-04	
  -1.4029975e-04	
  -1.5381364e-04	
  -1.6026540e-04	
  -1.6062238e-04	
  -1.5588985e-04	
  -1.4706983e-04	
  -1.3512764e-04	
  -1.2096579e-04	
  -1.0540487e-04	
  -8.9170749e-05	
  -7.2887232e-05	
  -5.7073511e-05	
  -4.2145526e-05	
  -2.8420466e-05	
  -1.6123689e-05	
  -5.3973795e-06	
   3.6896469e-06	
   1.1131524e-05	
   1.6974734e-05	
   2.1307704e-05	
   2.4250874e-05	
   2.5947493e-05	
   2.6555274e-05	
   2.6239031e-05	
   2.5164365e-05	
   2.3492391e-05	
   2.1375510e-05	
   1.8954168e-05	
   1.6354531e-05	
   1.3687002e-05	
   1.1045466e-05	
   8.5071840e-06	
   6.1332070e-06	
   3.9692253e-06	
   2.0467475e-06	
   3.8451703e-07	
  -1.0099163e-06	
  -2.1385441e-06	
  -3.0112314e-06	
  -3.6440872e-06	
  -4.0579158e-06	
  -4.2767849e-06	
  -4.3267332e-06	
  -4.2346352e-06	
  -4.0272308e-06	
  -3.7303225e-06	
  -3.3681364e-06	
  -2.9628394e-06	
  -2.5342010e-06	
  -2.0993866e-06	
  -1.6728645e-06	
  -1.2664139e-06	
  -8.8921246e-07	
  -5.4799101e-07	
  -2.4723698e-07	
   1.0566826e-08	
   2.2468174e-07	
   3.9584273e-07	
   5.2598783e-07	
   6.1799597e-07	
   6.7543977e-07	
   7.0235856e-07	
   7.0305511e-07	
   6.8191841e-07	
   6.4327365e-07	
   5.9125928e-07	
   5.2973068e-07	
   4.6218862e-07	
   3.9173080e-07	
   3.2102397e-07	
   2.5229402e-07	
   1.8733140e-07	
   1.2750904e-07	
   7.3810169e-08	
   2.6863495e-08	
  -1.3016580e-08	
  -4.5786814e-08	
  -7.1630853e-08	
  -9.0915390e-08	
  -1.0414805e-07	
  -1.1193803e-07	
  -1.1496014e-07	
  -1.1392300e-07	
  -1.0954139e-07	
  -1.0251320e-07	
  -9.3500672e-08	
  -8.3115945e-08	
  -7.1910593e-08	
  -6.0368761e-08	
  -4.8903554e-08	
  -3.7856226e-08	
  -2.7497727e-08	
  -1.8032153e-08	
  -9.6016941e-09	
  -2.2926477e-09	
   3.8578408e-09	
   8.8546605e-09	
   1.2737513e-08	
   1.5573831e-08	
   1.7452032e-08	
   1.8475254e-08	
   1.8755699e-08	
   1.8409638e-08	
   1.7553138e-08	
   1.6298512e-08	
   1.4751476e-08	
   1.3008999e-08	
   1.1157777e-08	
   9.2732816e-09	
   7.4193192e-09	
   5.6480199e-09	
   4.0001927e-09	
   2.5059685e-09	
   1.1856658e-09	
   5.0813275e-11	
  -8.9472771e-10	
  -1.6535929e-09	
  -2.2337407e-09	
  -2.6473113e-09	
  -2.9095484e-09	
  -3.0378059e-09	
  -3.0506575e-09	
  -2.9671173e-09	
  -2.8059787e-09	
  -2.5852710e-09	
  -2.3218311e-09	
  -2.0309837e-09	
  -1.7263225e-09	
  -1.4195816e-09	
  -1.1205854e-09	
  -8.3726700e-10	
  -5.7574053e-10	
  -3.4041880e-10	
  -1.3416294e-10	
   4.1544979e-11	
   1.8641574e-10	
   3.0116128e-10	
   3.8730433e-10	
   4.4699495e-10	
   4.8283868e-10	
   4.9773938e-10	
   4.9475938e-10	
   4.7699825e-10	
   4.4749078e-10	
   4.0912412e-10	
   3.6457348e-10	
   3.1625509e-10	
   2.6629517e-10	
   2.1651300e-10	
   1.6841639e-10	
   1.2320746e-10	
   8.1796930e-11	
   4.4825033e-11	
   1.2687195e-11	
  -1.4436981e-11	
  -3.6552962e-11	
  -5.3819992e-11	
  -6.6520307e-11	
  -7.5029727e-11	
  -7.9790320e-11	
  -8.1285582e-11	
  -8.0018556e-11	
  -7.6492992e-11	
  -7.1197671e-11	
  -6.4593832e-11	
  -5.7105546e-11	
  -4.9112879e-11	
  -4.0947547e-11	
  -3.2890810e-11	
  -2.5173261e-11	
  -1.7976233e-11	
  -1.1434478e-11	
  -5.6398462e-12	
  -6.4565887e-13	
   3.5284553e-12	
   6.8914961e-12	
   9.4760085e-12	
   1.1333112e-11	
   1.2527788e-11	
   1.3134556e-11	
   1.3233560e-11	
   1.2907146e-11	
   1.2236955e-11	
   1.1301510e-11	
   1.0174315e-11	
   8.9224479e-12	
   7.6055429e-12	
   6.2752147e-12	
   4.9748140e-12	
   3.7394740e-12	
   2.5964127e-12	
   1.5654127e-12	
   6.5947248e-13	
  -1.1446052e-13	
  -7.5468277e-13	
  -1.2639091e-12	
  -1.6484435e-12	
  -1.9173812e-12	
  -2.0818590e-12	
  -2.1543652e-12	
  -2.1481324e-12	
  -2.0765941e-12	
  -1.9529448e-12	
  -1.7897715e-12	
  -1.5987611e-12	
  -1.3904954e-12	
  -1.1743089e-12	
  -9.5821441e-13	
  -7.4886625e-13	
  -5.5159696e-13	
  -3.7047101e-13	
  -2.0836978e-13	
  -6.7093900e-14	
   5.2489263e-14	
   1.5033981e-13	
   2.2708571e-13	
   2.8390831e-13	
   3.2240356e-13	
   3.4446404e-13	
   3.5217662e-13	
   3.4771491e-13	
   3.3326293e-13	
   3.1094571e-13	
   2.8278074e-13	
   2.5061550e-13	
   2.1611879e-13	
   1.8075125e-13	
   1.4574626e-13	
   1.1213079e-13	
   8.0704540e-14	
   5.2069460e-14	
   2.6643618e-14	
   4.6733450e-15	
  -1.3745949e-14	
  -2.8643754e-14	
  -4.0150175e-14	
  -4.8483786e-14	
  -5.3916940e-14	
  -5.6770560e-14	
  -5.7391591e-14	
  -5.6133917e-14	
  -5.3353155e-14	
  -4.9394516e-14	
  -4.4571985e-14	
  -3.9185669e-14	
  -3.3495776e-14	
  -2.7729555e-14	
  -2.2076091e-14	
  -1.6691509e-14	
  -1.1697240e-14	
  -7.1782857e-15	
  -3.2005648e-15	
   2.0643209e-16	
   3.0357661e-15	
   5.2943760e-15	
   7.0100176e-15	
   8.2191198e-15	
   8.9737245e-15	
   9.3224040e-15	
   9.3241387e-15	
   9.0396440e-15	
   8.5209617e-15	
   7.8253376e-15	
   7.0082828e-15	
   6.1114308e-15	
   5.1781496e-15	
   4.2396642e-15	
   3.3271996e-15	
   2.4667768e-15	
   1.6757429e-15	
   9.6277153e-16	
   3.4347525e-16	
  -1.8388069e-16	
  -6.1582683e-16	
  -9.5409791e-16	
  -1.2091023e-15	
  -1.3825746e-15	
  -1.4849233e-15	
  -1.5248219e-15	
  -1.5109441e-15	
  -1.4519635e-15	
  -1.3582885e-15	
  -1.2385926e-15	
  -1.1015494e-15	
  -9.5236319e-16	
  -7.9797280e-16	
  -6.4531713e-16	
  -4.9786564e-16	
  -3.6082248e-16	
  -2.3765712e-16	
  -1.2663481e-16	
  -2.9490299e-17	
   5.3776428e-17	
   1.1969592e-16	
   1.7173762e-16	
   2.0643209e-16	
   2.3071822e-16	
   2.4459601e-16	
   2.4633073e-16	
   2.4286129e-16	
   2.3245295e-16	
   2.1510571e-16	
   1.9602375e-16	
   1.7173762e-16	
   1.4745150e-16	
   1.2316537e-16	
   9.7144515e-17	
   7.4593109e-17	
   5.3776428e-17	
   3.4694470e-17	
   1.7347235e-17	
   1.7347235e-18	
  -1.0408341e-17	
  -2.2551405e-17	
  -3.1225023e-17	
  -3.4694470e-17	
  -3.8163916e-17	
  -4.1633363e-17	
  -3.9898640e-17	
  -3.8163916e-17	
  -3.6429193e-17	
  -3.2959746e-17	
  -3.1225023e-17	
  -2.7755576e-17	
  -2.6020852e-17	
  -2.0816682e-17	
  -1.7347235e-17	
  -1.5612511e-17	
  -1.0408341e-17	
  -6.9388939e-18	
  -3.4694470e-18	
   1.7347235e-18	
   3.4694470e-18	
   5.2041704e-18	
   6.9388939e-18	
   8.6736174e-18	
   1.0408341e-17	
   1.0408341e-17	
   1.0408341e-17	
   1.0408341e-17	
   8.6736174e-18	
   6.9388939e-18	
   3.4694470e-18	
   0.0000000e+00	
   0.0000000e+00	
   0.0000000e+00	
   0.0000000e+00	
   0.0000000e+00	
   0.0000000e+00	
   0.0000000e+00	
   0.0000000e+00	
   0.0000000e+00	
   0.0000000e+00	
   0.0000000e+00	
   0.0000000e+00	
   0.0000000e+00	
   0.0000000e+00	
   0.0000000e+00	
   0.0000000e+00	
   0.0000000e+00	
   0.0000000e+00	
   0.0000000e+00	
   0.0000000e+00	
   0.0000000e+00	
   0.0000000e+00	
   0.0000000e+00	
   0.0000000e+00	
   0.0000000e+00	
   0.0000000e+00	
   0.0000000e+00	
   0.0000000e+00	
   0.0000000e+00	
   0.0000000e+00	
   0.0000000e+00	
   0.0000000e+00	
   0.0000000e+00	
   0.0000000e+00	
   0.0000000e+00	
   0.0000000e+00	
   0.0000000e+00	
   0.0000000e+00	
   0.0000000e+00	
   0.0000000e+00	
   0.0000000e+00	
   0.0000000e+00	
   0.0000000e+00	
   0.0000000e+00	
   0.0000000e+00	
   0.0000000e+00	
   0.0000000e+00	
   0.0000000e+00	
   0.0000000e+00	
   0.0000000e+00	
   0.0000000e+00	
   0.0000000e+00	
   0.0000000e+00	
   0.0000000e+00	
   0.0000000e+00	
   0.0000000e+00	
   0.0000000e+00	
   0.0000000e+00	
   0.0000000e+00	
   0.0000000e+00	
   0.0000000e+00	
   0.0000000e+00	
   0.0000000e+00	
   0.0000000e+00	
   0.0000000e+00	
   0.0000000e+00	
   0.0000000e+00	
   0.0000000e+00	
   0.0000000e+00	
   0.0000000e+00	
   0.0000000e+00	
   0.0000000e+00	
   0.0000000e+00	
   0.0000000e+00	
   0.0000000e+00	
   0.0000000e+00	
   0.0000000e+00	
   0.0000000e+00	
   0.0000000e+00	
   0.0000000e+00	
   0.0000000e+00	
   0.0000000e+00	
   2.5282478e-09	
   1.6623577e-09	
   1.0403431e-10	
  -2.3387458e-09	
  -5.8546033e-09	
  -1.0603227e-08	
  -1.6679192e-08	
  -2.4063703e-08	
  -3.2563552e-08	
  -4.1737780e-08	
  -5.0814375e-08	
  -5.8601836e-08	
  -6.3403841e-08	
  -6.2949416e-08	
  -5.4356050e-08	
  -3.4148761e-08	
   1.6359475e-09	
   5.7226813e-08	
   1.3673646e-07	
   2.4358136e-07	
   3.7966454e-07	
   5.4429098e-07	
   7.3280173e-07	
   9.3494087e-07	
   1.1330103e-06	
   1.2999246e-06	
   1.3973545e-06	
   1.3742403e-06	
   1.1660678e-06	
   6.9542624e-07	
  -1.2550826e-07	
  -1.3897946e-06	
  -3.1869982e-06	
  -5.5900189e-06	
  -8.6366401e-06	
  -1.2305158e-05	
  -1.6483838e-05	
  -2.0934557e-05	
  -2.5251961e-05	
  -2.8820716e-05	
  -3.0775163e-05	
  -2.9967760e-05	
  -2.4955194e-05	
  -1.4013765e-05	
   4.8015073e-06	
   3.3536997e-05	
   7.4140855e-05	
   1.2816406e-04	
   1.9634405e-04	
   2.7805742e-04	
   3.7073711e-04	
   4.6963787e-04	
   5.6836205e-04	
   6.5999000e-04	
   7.3820962e-04	
   7.9806287e-04	
   8.3630022e-04	
   8.5144417e-04	
   8.4365263e-04	
   8.1445922e-04	
   7.6645166e-04	
   7.0293482e-04	
   6.2761100e-04	
   5.4429836e-04	
   4.5669914e-04	
   3.6822179e-04	
   2.8185614e-04	
   2.0009688e-04	
   1.2490903e-04	
   5.7727524e-05	
  -5.1665578e-07	
  -4.9351260e-05	
  -8.8705021e-05	
  -1.1884301e-04	
  -1.4029975e-04	
  -1.5381364e-04	
  -1.6026540e-04	
  -1.6062238e-04	
  -1.5588985e-04	
  -1.4706983e-04	
  -1.3512764e-04	
  -1.2096579e-04	
  -1.0540487e-04	
  -8.9170749e-05	
  -7.2887232e-05	
  -5.7073511e-05	
  -4.2145526e-05	
  -2.8420466e-05	
  -1.6123689e-05	
  -5.3973795e-06	
   3.6896469e-06	
   1.1131524e-05	
   1.6974734e-05	
   2.1307704e-05	
   2.4250874e-05	
   2.5947493e-05	
   2.6555274e-05	
   2.6239031e-05	
   2.5164365e-05	
   2.3492391e-05	
   2.1375510e-05	
   1.8954168e-05	
   1.6354531e-05	
   1.3687002e-05	
   1.1045466e-05	
   8.5071840e-06	
   6.1332070e-06	
   3.9692253e-06	
   2.0467475e-06	
   3.8451703e-07	
  -1.0099163e-06	
  -2.1385441e-06	
  -3.0112314e-06	
  -3.6440872e-06	
  -4.0579158e-06	
  -4.2767849e-06	
  -4.3267332e-06	
  -4.2346352e-06	
  -4.0272308e-06	
  -3.7303225e-06	
  -3.3681364e-06	
  -2.9628394e-06	
  -2.5342010e-06	
  -2.0993866e-06	
  -1.6728645e-06	
  -1.2664139e-06	
  -8.8921246e-07	
  -5.4799101e-07	
  -2.4723698e-07	
   1.0566826e-08	
   2.2468174e-07	
   3.9584273e-07	
   5.2598783e-07	
   6.1799597e-07	
   6.7543977e-07	
   7.0235856e-07	
   7.0305511e-07	
   6.8191841e-07	
   6.4327365e-07	
   5.9125928e-07	
   5.2973068e-07	
   4.6218862e-07	
   3.9173080e-07	
   3.2102397e-07	
   2.5229402e-07	
   1.8733140e-07	
   1.2750904e-07	
   7.3810169e-08	
   2.6863495e-08	
  -1.3016580e-08	
  -4.5786814e-08	
  -7.1630853e-08	
  -9.0915390e-08	
  -1.0414805e-07	
  -1.1193803e-07	
  -1.1496014e-07	
  -1.1392300e-07	
  -1.0954139e-07	
  -1.0251320e-07	
  -9.3500672e-08	
  -8.3115945e-08	
  -7.1910593e-08	
  -6.0368761e-08	
  -4.8903554e-08	
  -3.7856226e-08	
  -2.7497727e-08	
  -1.8032153e-08	
  -9.6016941e-09	
  -2.2926477e-09	
   3.8578408e-09	
   8.8546605e-09	
   1.2737513e-08	
   1.5573831e-08	
   1.7452032e-08	
   1.8475254e-08	
   1.8755699e-08	
   1.8409638e-08	
   1.7553138e-08	
   1.6298512e-08	
   1.4751476e-08	
   1.3008999e-08	
   1.1157777e-08	
   9.2732816e-09	
   7.4193192e-09	
   5.6480199e-09	
   4.0001927e-09	
   2.5059685e-09	
   1.1856658e-09	
   5.0813275e-11	
  -8.9472771e-10	
  -1.6535929e-09	
  -2.2337407e-09	
  -2.6473113e-09	
  -2.9095484e-09	
  -3.0378059e-09	
  -3.0506575e-09	
  -2.9671173e-09	
  -2.8059787e-09	
  -2.5852710e-09	
  -2.3218311e-09	
  -2.0309837e-09	
  -1.7263225e-09	
  -1.4195816e-09	
  -1.1205854e-09	
  -8.3726700e-10	
  -5.7574053e-10	
  -3.4041880e-10	
  -1.3416294e-10	
   4.1544979e-11	
   1.8641574e-10	
   3.0116128e-10	
   3.8730433e-10	
   4.4699495e-10	
   4.8283868e-10	
   4.9773938e-10	
   4.9475938e-10	
   4.7699825e-10	
   4.4749078e-10	
   4.0912412e-10	
   3.6457348e-10	
   3.1625509e-10	
   2.6629517e-10	
   2.1651300e-10	
   1.6841639e-10	
   1.2320746e-10	
   8.1796930e-11	
   4.4825033e-11	
   1.2687195e-11	
  -1.4436981e-11	
  -3.6552962e-11	
  -5.3819992e-11	
  -6.6520307e-11	
  -7.5029727e-11	
  -7.9790320e-11	
  -8.1285582e-11	
  -8.0018556e-11	
  -7.6492992e-11	
  -7.1197671e-11	
  -6.4593832e-11	
  -5.7105546e-11	
  -4.9112879e-11	
  -4.0947547e-11	
  -3.2890810e-11	
  -2.5173261e-11	
  -1.7976233e-11	
  -1.1434478e-11	
  -5.6398462e-12	
  -6.4565887e-13	
   3.5284553e-12	
   6.8914961e-12	
   9.4760085e-12	
   1.1333112e-11	
   1.2527788e-11	
   1.3134556e-11	
   1.3233560e-11	
   1.2907146e-11	
   1.2236955e-11	
   1.1301510e-11	
   1.0174315e-11	
   8.9224479e-12	
   7.6055429e-12	
   6.2752147e-12	
   4.9748140e-12	
   3.7394740e-12	
   2.5964127e-12	
   1.5654127e-12	
   6.5947248e-13	
  -1.1446052e-13	
  -7.5468277e-13	
  -1.2639091e-12	
  -1.6484435e-12	
  -1.9173812e-12	
  -2.0818590e-12	
  -2.1543652e-12	
  -2.1481324e-12	
  -2.0765941e-12	
  -1.9529448e-12	
  -1.7897715e-12	
  -1.5987611e-12	
  -1.3904954e-12	
  -1.1743089e-12	
  -9.5821441e-13	
  -7.4886625e-13	
  -5.5159696e-13	
  -3.7047101e-13	
  -2.0836978e-13	
  -6.7093900e-14	
   5.2489263e-14	
   1.5033981e-13	
   2.2708571e-13	
   2.8390831e-13	
   3.2240356e-13	
   3.4446404e-13	
   3.5217662e-13	
   3.4771491e-13	
   3.3326293e-13	
   3.1094571e-13	
   2.8278074e-13	
   2.5061550e-13	
   2.1611879e-13	
   1.8075125e-13	
   1.4574626e-13	
   1.1213079e-13	
   8.0704540e-14	
   5.2069460e-14	
   2.6643618e-14	
   4.6733450e-15	
  -1.3745949e-14	
  -2.8643754e-14	
  -4.0150175e-14	
  -4.8483786e-14	
  -5.3916940e-14	
  -5.6770560e-14	
  -5.7391591e-14	
  -5.6133917e-14	
  -5.3353155e-14	
  -4.9394516e-14	
  -4.4571985e-14	
  -3.9185669e-14	
  -3.3495776e-14	
  -2.7729555e-14	
  -2.2076091e-14	
  -1.6691509e-14	
  -1.1697240e-14	
  -7.1782857e-15	
  -3.2005648e-15	
   2.0643209e-16	
   3.0357661e-15	
   5.2943760e-15	
   7.0100176e-15	
   8.2191198e-15	
   8.9737245e-15	
   9.3224040e-15	
   9.3241387e-15	
   9.0396440e-15	
   8.5209617e-15	
   7.8253376e-15	
   7.0082828e-15	
   6.1114308e-15	
   5.1781496e-15	
   4.2396642e-15	
   3.3271996e-15	
   2.4667768e-15	
   1.6757429e-15	
   9.6277153e-16	
   3.4347525e-16	
  -1.8388069e-16	
  -6.1582683e-16	
  -9.5409791e-16	
  -1.2091023e-15	
  -1.3825746e-15	
  -1.4849233e-15	
  -1.5248219e-15	
  -1.5109441e-15	
  -1.4519635e-15	
  -1.3582885e-15	
  -1.2385926e-15	
  -1.1015494e-15	
  -9.5236319e-16	
  -7.9797280e-16	
  -6.4531713e-16	
  -4.9786564e-16	
  -3.6082248e-16	
  -2.3765712e-16	
  -1.2663481e-16	
  -2.9490299e-17	
   5.3776428e-17	
   1.1969592e-16	
   1.7173762e-16	
   2.0643209e-16	
   2.3071822e-16	
   2.4459601e-16	
   2.4633073e-16	
   2.4286129e-16	
   2.3245295e-16	
   2.1510571e-16	
   1.9602375e-16	
   1.7173762e-16	
   1.4745150e-16	
   1.2316537e-16	
   9.7144515e-17	
   7.4593109e-17	
   5.3776428e-17	
   3.4694470e-17	
   1.7347235e-17	
   1.7347235e-18	
  -1.0408341e-17	
  -2.2551405e-17	
  -3.1225023e-17	
  -3.4694470e-17	
  -3.8163916e-17	
  -4.1633363e-17	
  -3.9898640e-17	
  -3.8163916e-17	
  -3.6429193e-17	
  -3.2959746e-17	
  -3.1225023e-17	
  -2.7755576e-17	
  -2.6020852e-17	
  -2.0816682e-17	
  -1.7347235e-17	
  -1.5612511e-17	
  -1.0408341e-17	
  -6.9388939e-18	
  -3.4694470e-18	
   1.7347235e-18	
   3.4694470e-18	
   5.2041704e-18	
   6.9388939e-18	
   8.6736174e-18	
   1.0408341e-17	
   1.0408341e-17	
   1.0408341e-17	
   1.0408341e-17	
   8.6736174e-18	
   6.9388939e-18	
   3.4694470e-18	
   0.0000000e+00	
   0.0000000e+00	
   0.0000000e+00	
   0.0000000e+00	
   0.0000000e+00	
   0.0000000e+00	
   0.0000000e+00	
   0.0000000e+00	
   0.0000000e+00	
   0.0000000e+00	
   0.0000000e+00	
   0.0000000e+00	
   0.0000000e+00	
   0.0000000e+00	
   0.0000000e+00	
   0.0000000e+00	
   0.0000000e+00	
   0.0000000e+00	
   0.0000000e+00	
   0.0000000e+00	
   0.0000000e+00	
   0.0000000e+00	
   0.0000000e+00	
   0.0000000e+00	
   0.0000000e+00	
   0.0000000e+00	
   0.0000000e+00	
   0.0000000e+00	
   0.0000000e+00	
   0.0000000e+00	
   0.0000000e+00	
   0.0000000e+00	
   0.0000000e+00	
   0.0000000e+00	
   0.0000000e+00	
   0.0000000e+00	
   0.0000000e+00	
   0.0000000e+00	
   0.0000000e+00	
   0.0000000e+00	
   0.0000000e+00	
   0.0000000e+00	
   0.0000000e+00	
   0.0000000e+00	
   0.0000000e+00	
   0.0000000e+00	
   0.0000000e+00	
   0.0000000e+00	
   0.0000000e+00	
   0.0000000e+00	
   0.0000000e+00	
   0.0000000e+00	
   0.0000000e+00	
   0.0000000e+00	
   0.0000000e+00	
   0.0000000e+00	
   0.0000000e+00	
   0.0000000e+00	
   0.0000000e+00	
   0.0000000e+00	
   0.0000000e+00	
   0.0000000e+00	
   0.0000000e+00	
   0.0000000e+00	
   0.0000000e+00	
   0.0000000e+00	
   0.0000000e+00	
   0.0000000e+00	
   0.0000000e+00	
   0.0000000e+00	
   0.0000000e+00	
   0.0000000e+00	
   0.0000000e+00	
   0.0000000e+00	
   0.0000000e+00	
   0.0000000e+00	
   0.0000000e+00	
   0.0000000e+00	
   0.0000000e+00	
   0.0000000e+00	
   0.0000000e+00	
   0.0000000e+00	
   2.5282478e-09	
   1.6623577e-09	
   1.0403431e-10	
  -2.3387458e-09	
  -5.8546033e-09	
  -1.0603227e-08	
  -1.6679192e-08	
  -2.4063703e-08	
  -3.2563552e-08	
  -4.1737780e-08	
  -5.0814375e-08	
  -5.8601836e-08	
  -6.3403841e-08	
  -6.2949416e-08	
  -5.4356050e-08	
  -3.4148761e-08	
   1.6359475e-09	
   5.7226813e-08	
   1.3673646e-07	
   2.4358136e-07	
   3.7966454e-07	
   5.4429098e-07	
   7.3280173e-07	
   9.3494087e-07	
   1.1330103e-06	
   1.2999246e-06	
   1.3973545e-06	
   1.3742403e-06	
   1.1660678e-06	
   6.9542624e-07	
  -1.2550826e-07	
  -1.3897946e-06	
  -3.1869982e-06	
  -5.5900189e-06	
  -8.6366401e-06	
  -1.2305158e-05	
  -1.6483838e-05	
  -2.0934557e-05	
  -2.5251961e-05	
  -2.8820716e-05	
  -3.0775163e-05	
  -2.9967760e-05	
  -2.4955194e-05	
  -1.4013765e-05	
   4.8015073e-06	
   3.3536997e-05	
   7.4140855e-05	
   1.2816406e-04	
   1.9634405e-04	
   2.7805742e-04	
   3.7073711e-04	
   4.6963787e-04	
   5.6836205e-04	
   6.5999000e-04	
   7.3820962e-04	
   7.9806287e-04	
   8.3630022e-04	
   8.5144417e-04	
   8.4365263e-04	
   8.1445922e-04	
   7.6645166e-04	
   7.0293482e-04	
   6.2761100e-04	
   5.4429836e-04	
   4.5669914e-04	
   3.6822179e-04	
   2.8185614e-04	
   2.0009688e-04	
   1.2490903e-04	
   5.7727524e-05	
  -5.1665578e-07	
  -4.9351260e-05	
  -8.8705021e-05	
  -1.1884301e-04	
  -1.4029975e-04	
  -1.5381364e-04	
  -1.6026540e-04	
  -1.6062238e-04	
  -1.5588985e-04	
  -1.4706983e-04	
  -1.3512764e-04	
  -1.2096579e-04	
  -1.0540487e-04	
  -8.9170749e-05	
  -7.2887232e-05	
  -5.7073511e-05	
  -4.2145526e-05	
  -2.8420466e-05	
  -1.6123689e-05	
  -5.3973795e-06	
   3.6896469e-06	
   1.1131524e-05	
   1.6974734e-05	
   2.1307704e-05	
   2.4250874e-05	
   2.5947493e-05	
   2.6555274e-05	
   2.6239031e-05	
   2.5164365e-05	
   2.3492391e-05	
   2.1375510e-05	
   1.8954168e-05	
   1.6354531e-05	
   1.3687002e-05	
   1.1045466e-05	
   8.5071840e-06	
   6.1332070e-06	
   3.9692253e-06	
   2.0467475e-06	
   3.8451703e-07	
  -1.0099163e-06	
  -2.1385441e-06	
  -3.0112314e-06	
  -3.6440872e-06	
  -4.0579158e-06	
  -4.2767849e-06	
  -4.3267332e-06	
  -4.2346352e-06	
  -4.0272308e-06	
  -3.7303225e-06	
  -3.3681364e-06	
  -2.9628394e-06	
  -2.5342010e-06	
  -2.0993866e-06	
  -1.6728645e-06	
  -1.2664139e-06	
  -8.8921246e-07	
  -5.4799101e-07	
  -2.4723698e-07	
   1.0566826e-08	
   2.2468174e-07	
   3.9584273e-07	
   5.2598783e-07	
   6.1799597e-07	
   6.7543977e-07	
   7.0235856e-07	
   7.0305511e-07	
   6.8191841e-07	
   6.4327365e-07	
   5.9125928e-07	
   5.2973068e-07	
   4.6218862e-07	
   3.9173080e-07	
   3.2102397e-07	
   2.5229402e-07	
   1.8733140e-07	
   1.2750904e-07	
   7.3810169e-08	
   2.6863495e-08	
  -1.3016580e-08	
  -4.5786814e-08	
  -7.1630853e-08	
  -9.0915390e-08	
  -1.0414805e-07	
  -1.1193803e-07	
  -1.1496014e-07	
  -1.1392300e-07	
  -1.0954139e-07	
  -1.0251320e-07	
  -9.3500672e-08	
  -8.3115945e-08	
  -7.1910593e-08	
  -6.0368761e-08	
  -4.8903554e-08	
  -3.7856226e-08	
  -2.7497727e-08	
  -1.8032153e-08	
  -9.6016941e-09	
  -2.2926477e-09	
   3.8578408e-09	
   8.8546605e-09	
   1.2737513e-08	
   1.5573831e-08	
   1.7452032e-08	
   1.8475254e-08	
   1.8755699e-08	
   1.8409638e-08	
   1.7553138e-08	
   1.6298512e-08	
   1.4751476e-08	
   1.3008999e-08	
   1.1157777e-08	
   9.2732816e-09	
   7.4193192e-09	
   5.6480199e-09	
   4.0001927e-09	
   2.5059685e-09	
   1.1856658e-09	
   5.0813275e-11	
  -8.9472771e-10	
  -1.6535929e-09	
  -2.2337407e-09	
  -2.6473113e-09	
  -2.9095484e-09	
  -3.0378059e-09	
  -3.0506575e-09	
  -2.9671173e-09	
  -2.8059787e-09	
  -2.5852710e-09	
  -2.3218311e-09	
  -2.0309837e-09	
  -1.7263225e-09	
  -1.4195816e-09	
  -1.1205854e-09	
  -8.3726700e-10	
  -5.7574053e-10	
  -3.4041880e-10	
  -1.3416294e-10	
   4.1544979e-11	
   1.8641574e-10	
   3.0116128e-10	
   3.8730433e-10	
   4.4699495e-10	
   4.8283868e-10	
   4.9773938e-10	
   4.9475938e-10	
   4.7699825e-10	
   4.4749078e-10	
   4.0912412e-10	
   3.6457348e-10	
   3.1625509e-10	
   2.6629517e-10	
   2.1651300e-10	
   1.6841639e-10	
   1.2320746e-10	
   8.1796930e-11	
   4.4825033e-11	
   1.2687195e-11	
  -1.4436981e-11	
  -3.6552962e-11	
  -5.3819992e-11	
  -6.6520307e-11	
  -7.5029727e-11	
  -7.9790320e-11	
  -8.1285582e-11	
  -8.0018556e-11	
  -7.6492992e-11	
  -7.1197671e-11	
  -6.4593832e-11	
  -5.7105546e-11	
  -4.9112879e-11	
  -4.0947547e-11	
  -3.2890810e-11	
  -2.5173261e-11	
  -1.7976233e-11	
  -1.1434478e-11	
  -5.6398462e-12	
  -6.4565887e-13	
   3.5284553e-12	
   6.8914961e-12	
   9.4760085e-12	
   1.1333112e-11	
   1.2527788e-11	
   1.3134556e-11	
   1.3233560e-11	
   1.2907146e-11	
   1.2236955e-11	
   1.1301510e-11	
   1.0174315e-11	
   8.9224479e-12	
   7.6055429e-12	
   6.2752147e-12	
   4.9748140e-12	
   3.7394740e-12	
   2.5964127e-12	
   1.5654127e-12	
   6.5947248e-13	
  -1.1446052e-13	
  -7.5468277e-13	
  -1.2639091e-12	
  -1.6484435e-12	
  -1.9173812e-12	
  -2.0818590e-12	
  -2.1543652e-12	
  -2.1481324e-12	
  -2.0765941e-12	
  -1.9529448e-12	
  -1.7897715e-12	
  -1.5987611e-12	
  -1.3904954e-12	
  -1.1743089e-12	
  -9.5821441e-13	
  -7.4886625e-13	
  -5.5159696e-13	
  -3.7047101e-13	
  -2.0836978e-13	
  -6.7093900e-14	
   5.2489263e-14	
   1.5033981e-13	
   2.2708571e-13	
   2.8390831e-13	
   3.2240356e-13	
   3.4446404e-13	
   3.5217662e-13	
   3.4771491e-13	
   3.3326293e-13	
   3.1094571e-13	
   2.8278074e-13	
   2.5061550e-13	
   2.1611879e-13	
   1.8075125e-13	
   1.4574626e-13	
   1.1213079e-13	
   8.0704540e-14	
   5.2069460e-14	
   2.6643618e-14	
   4.6733450e-15	
  -1.3745949e-14	
  -2.8643754e-14	
  -4.0150175e-14	
  -4.8483786e-14	
  -5.3916940e-14	
  -5.6770560e-14	
  -5.7391591e-14	
  -5.6133917e-14	
  -5.3353155e-14	
  -4.9394516e-14	
  -4.4571985e-14	
  -3.9185669e-14	
  -3.3495776e-14	
  -2.7729555e-14	
  -2.2076091e-14	
  -1.6691509e-14	
  -1.1697240e-14	
  -7.1782857e-15	
  -3.2005648e-15	
   2.0643209e-16	
   3.0357661e-15	
   5.2943760e-15	
   7.0100176e-15	
   8.2191198e-15	
   8.9737245e-15	
   9.3224040e-15	
   9.3241387e-15	
   9.0396440e-15	
   8.5209617e-15	
   7.8253376e-15	
   7.0082828e-15	
   6.1114308e-15	
   5.1781496e-15	
   4.2396642e-15	
   3.3271996e-15	
   2.4667768e-15	
   1.6757429e-15	
   9.6277153e-16	
   3.4347525e-16	
  -1.8388069e-16	
  -6.1582683e-16	
  -9.5409791e-16	
  -1.2091023e-15	
  -1.3825746e-15	
  -1.4849233e-15	
  -1.5248219e-15	
  -1.5109441e-15	
  -1.4519635e-15	
  -1.3582885e-15	
  -1.2385926e-15	
  -1.1015494e-15	
  -9.5236319e-16	
  -7.9797280e-16	
  -6.4531713e-16	
  -4.9786564e-16	
  -3.6082248e-16	
  -2.3765712e-16	
  -1.2663481e-16	
  -2.9490299e-17	
   5.3776428e-17	
   1.1969592e-16	
   1.7173762e-16	
   2.0643209e-16	
   2.3071822e-16	
   2.4459601e-16	
   2.4633073e-16	
   2.4286129e-16	
   2.3245295e-16	
   2.1510571e-16	
   1.9602375e-16	
   1.7173762e-16	
   1.4745150e-16	
   1.2316537e-16	
   9.7144515e-17	
   7.4593109e-17	
   5.3776428e-17	
   3.4694470e-17	
   1.7347235e-17	
   1.7347235e-18	
  -1.0408341e-17	
  -2.2551405e-17	
  -3.1225023e-17	
  -3.4694470e-17	
  -3.8163916e-17	
  -4.1633363e-17	
  -3.9898640e-17	
  -3.8163916e-17	
  -3.6429193e-17	
  -3.2959746e-17	
  -3.1225023e-17	
  -2.7755576e-17	
  -2.6020852e-17	
  -2.0816682e-17	
  -1.7347235e-17	
  -1.5612511e-17	
  -1.0408341e-17	
  -6.9388939e-18	
  -3.4694470e-18	
   1.7347235e-18	
   3.4694470e-18	
   5.2041704e-18	
   6.9388939e-18	
   8.6736174e-18	
   1.0408341e-17	
   1.0408341e-17	
   1.0408341e-17	
   1.0408341e-17	
   8.6736174e-18	
   6.9388939e-18	
   3.4694470e-18	
   0.0000000e+00	
   0.0000000e+00	
   0.0000000e+00	
   0.0000000e+00	
   0.0000000e+00	
   0.0000000e+00	
   0.0000000e+00	
   0.0000000e+00	
   0.0000000e+00	
   0.0000000e+00	
   0.0000000e+00	
   0.0000000e+00	
   0.0000000e+00	
   0.0000000e+00	
   0.0000000e+00	
   0.0000000e+00	
   0.0000000e+00	
   0.0000000e+00	
   0.0000000e+00	
   0.0000000e+00	
   0.0000000e+00	
   0.0000000e+00	
   0.0000000e+00	
   0.0000000e+00	
   0.0000000e+00	
   0.0000000e+00	
   0.0000000e+00	
   0.0000000e+00	
   0.0000000e+00	
   0.0000000e+00	
   0.0000000e+00	
   0.0000000e+00	
   0.0000000e+00	
   0.0000000e+00	
   0.0000000e+00	
   0.0000000e+00	
   0.0000000e+00	
   0.0000000e+00	
   0.0000000e+00	
   0.0000000e+00	
   0.0000000e+00	
   0.0000000e+00	
   0.0000000e+00	
   0.0000000e+00	
   0.0000000e+00	
   0.0000000e+00	
   0.0000000e+00	
   0.0000000e+00	
   0.0000000e+00	
   0.0000000e+00	
   0.0000000e+00	
   0.0000000e+00	
   0.0000000e+00	
   0.0000000e+00	
   0.0000000e+00	
   0.0000000e+00	
   0.0000000e+00	
   0.0000000e+00	
   0.0000000e+00	
   0.0000000e+00	
   0.0000000e+00	
   0.0000000e+00	
   0.0000000e+00	
   0.0000000e+00	
   0.0000000e+00	
   0.0000000e+00	
   0.0000000e+00	
   0.0000000e+00	
   0.0000000e+00	
   0.0000000e+00	
   0.0000000e+00	
   0.0000000e+00	
   0.0000000e+00	
   0.0000000e+00	
   0.0000000e+00	
   0.0000000e+00	
   0.0000000e+00	
   0.0000000e+00	
   0.0000000e+00	
   0.0000000e+00	
   0.0000000e+00	
   0.0000000e+00	
